0 1 2
1 0 2 3
2 0 1 3 20
3 1 2 4
4 3 5 6
5 4 6 8 9
6 4 5 7 8
7 6 8 12
8 5 6 7 9 10 12
9 5 8 10 11
10 8 9 11 12
11 9 10 40
12 7 8 10 13
13 12 14 15
14 13 15 17 19
15 13 14 16 17
16 15 17 18 32 34 35
17 14 15 16 18 19
18 16 17 19 20 21 32
19 14 17 18 20
20 2 18 19 21 22 23
21 18 20 22 32
22 20 21 23 24 25 32
23 20 22 24
24 22 23 25
25 22 24
26 27 28 29
27 26 28
28 26 27 29
29 26 28 30
30 29 31 33
31 30 32 33 34
32 16 18 21 22 31 34
33 30 31 34 35 36 38
34 16 31 32 33 35
35 16 33 34 36
36 33 35 37 38 41
37 36 38 40 41
38 33 36 37 39 40
39 38 40
40 11 37 38 39 41
41 36 37 40